-10 2 -91 60 68 16 -61 91 101 -37 -45 103 -27 120 -86 -38 31 -94 102 50 74
114 71 67 127 15 67 51 -23 119 -85 112 -36 3 -77 -34 -12 90 -86 127 -114 93
70 -28 41 -49 67 -100 13 -75 64 -19 61 68 -105 32 -100 -45 -103 24 -57 -115 -19
2 -1 -121 3 -42 -61 -42 73 9 -53 -58 25 6 40 -18 24 99 57 27 -4 111
-115 100 93 122 -102 -25 29 3 78 106 -127 -89 74 -13 -121 -10 97 15 31 -91 -66
79 -67 27 -99 71 -9 104 29 -124 -83 36 26 71 90 54 -19 -111 -90 27 -81 -87
-73 -112 -56 -63 113 63 103 101 -84 110 -82 -56 -24 36 -92 -96 -78 86 88 -78 38
41 -82 55 79 -84 44 40 -55 58 117 56 -30 -30 -86 -2 57 -21 -51 -113 -13 -7
-124 -110 17 84 64 -113 28 -52 47 -3 4 -49 -12 -46 3 38 20 -102 97 110 -102
-37 -37 55 -58 -53 29 -28 -17 -112 125 -52 78 -94 120 22 -39 2 18 -36 6 80
-90 -101 123 -118 64 -26 -123 101 -114 123 113 40 -3 28 -108 -36 28 -53 17 -58 -39
-33 -65 5 -99 -123 56 -69 111 14 106 -84 -85 -57 -73 -93 -42 32 3 -97 50 87
59 9 39 17 49 125 121 112 85 97 -106 -94 -85 -40 67 -16 -115 77 23 92 -118
34 123 65 -1 57 -105 -5 -75 111 118 -84 -105 62 -67 13 -33 -117 -64 -32 71 101
71 -12 -114 77 118 -35 -24 -93 -18 -73 -74 -38 65 -84 -113 -71 -39 -108 102 19 68
88 -121 91 -88 -10 -126 116 56 81 83 -87 8 -81 -124 43 -124 -122 64 118 -34 0
-24 -113 -22 89 5 -28 119 122 -118 -38 75 111 -10 67 -47 -83 -95 -63 117 -73 -51
89 116 27 80 76 122 84 113 -36 -42 15 58 -111 -88 86 101 -48 80 -77 49 41
0 -73 48 -75 42 126 -20 9 73 -77 102 -11 -84 -11 87 31 49 -21 56 53 69
46 -21 -61 -15 -33 -105 104 70 52 -108 -9 23 41 101 61 38 51 -77 -5 -49 28