-88 125 66 24 19 53 54 -58 -61 -27 51 -9 -21 46 69 96 -105 40 -62 124 42 -25 115 -116 56 -127 -28 88 -4 63 -114 -96 -25 120 46 -72 27 53 22 41 73 42 20 124 -70 -84 -19 100 -123 15 -6 -3 61 65 80 78 23 95 32 85 66 -71 35 54 12 -4 79 79 122 107 -110 -17 123 113 101 76 81 -42 -10 -122 91 6 36 79 102 39 27 16 29 87 86 14 82 -20 67 0 34 6 -54 -113 -59
68 -117 24 -6 122 10 -33 -22 -86 15 -36 112 -83 125 -40 33 69 -17 -94 -9 -119 70 -22 -116 88 20 40 73 -38 119 8 94 -83 -44 -57 118 70 24 17 -116 -89 87 -93 47 102 -5 -38 63 -50 -39 120 98 89 94 58 37 -2 -78 -2 52 123 -26 52 0 -103 -73 69 -68 -97 91 -93 21 -48 -27 60 18 92 -61 126 98 -13 -37 -79 49 115 -60 -80 -90 -28 -86 -11 43 55 -40 -18 -70 -1 110 126 38 12
81 -70 -68 44 -64 44 42 121 -77 85 3 112 -21 -121 -54 66 -48 -31 -21 -109 127 -94 -119 -102 65 117 -19 89 42 2 36 96 -83 -36 4 -54 -26 -99 -96 -17 -40 -50 -19 0 -12 -35 38 -8 13 -55 38 25 42 -63 59 -10 -52 -19 78 39 15 5 -69 45 84 119 -53 53 72 91 41 -80 -8 62 63 99 83 -70 85 9 -66 -60 91 -119 -106 50 72 -29 86 -35 -24 -22 53 93 3 -55 -29 -35 -67 5 75
-41 -105 117 -118 -32 -16 -32 -36 69 121 47 85 23 -29 117 -96 -10 -59 -71 -15 47 24 42 40 8 -87 -48 38 63 -35 -49 73 -90 -57 59 55 -48 68 -66 81 -49 73 103 125 104 -22 123 -100 -74 93 23 97 53 -112 112 -23 -91 108 34 -94 -71 4 -81 14 127 -81 -62 -31 -112 89 73 -16 -56 14 -13 17 65 114 54 81 -70 80 -33 -93 32 -42 -51 105 120 33 -31 11 -59 91 69 -37 67 -38 -114 -100 5
-97 82 -26 71 -90 86 34 16 -48 -55 -5 -12 114 -72 96 10 67 82 -108 105 -79 116 -51 67 97 -74 -27 112 -28 -26 45 121 88 -79 83 5 -124 -36 117 39 -84 -40 71 117 -86 -116 -3 108 -121 22 -60 -124 -104 7 7 121 105 -89 85 -85 0 87 -109 -102 30 -70 80 97 -82 -111 -125 -65 -126 14 -37 -12 -13 6 14 39 -95 51 -56 -7 99 9 10 -112 26 69 -55 -66 -15 -78 121 -9 90 75 -26 91 -65
-59 117 -17 36 25 74 77 91 29 92 125 -24 -55 101 -100 -68 44 93 18 -17 64 81 21 -110 10 -57 8 78 70 -110 28 99 14 -80 -73 -73 -86 36 126 6 -123 -25 23 -121 -6 -43 99 87 105 59 -15 53 -52 -13 65 -50 55 -109 -91 -114 14 70 107 96 69 70 121 50 -10 99 43 45 -72 -34 -1 120 109 64 109 2 -5 -108 1 -110 -96 38 119 41 86 38 12 0 -113 106 -73 10 -119 -127 124 100 55
-2 -102 -102 115 39 -91 17 75 -54 120 29 95 7 -6 -7 118 -39 17 55 72 -124 93 -31 48 86 18 -53 55 -37 107 108 -84 -38 53 44 -69 92 92 -10 -58 -123 -23 28 91 -18 -7 -72 16 108 10 33 47 93 -95 -64 -26 89 -78 34 120 -121 -44 -64 -107 -45 -115 86 83 -53 92 -95 -114 -7 -57 8 -12 81 127 106 49 53 4 -90 -12 -102 61 1 37 53 112 -94 -75 104 40 41 -72 -74 83 -96 72 -11
64 95 -39 -93 -66 -4 -10 -16 111 7 33 124 -60 -107 68 -42 -126 -35 100 -95 -52 -17 24 -102 -66 66 94 72 -33 37 103 -112 9 -45 99 -15 -98 42 111 60 -109 -45 -85 127 51 -43 -114 -31 -97 94 34 -60 101 69 -106 -28 81 -2 -41 -63 43 -106 -62 -123 -104 114 108 -55 90 -43 -75 -34 -106 103 -97 111 -35 93 7 -65 -87 -26 94 63 3 114 -31 74 127 31 115 73 -40 -77 46 -16 -74 -121 -75 -125 12
85 -35 -81 8 -75 -48 -15 116 -67 -89 38 -100 -90 -98 -93 -112 -39 115 -127 -52 65 8 -126 38 -43 71 -90 -115 45 -123 -22 110 -104 66 60 95 125 -105 28 -52 -107 -87 -125 84 40 -24 117 -103 111 -117 -16 -100 -49 111 -4 126 103 107 42 45 -40 38 63 97 -100 -124 -53 114 -40 78 127 -33 26 14 -12 18 70 -52 49 79 -64 -88 -77 -70 -118 -121 -63 -22 -22 59 -74 10 78 -25 -75 105 -9 -122 80 127 48
86 28 -56 22 -100 -50 -4 -78 87 67 -118 -24 15 -100 -42 6 48 -55 -102 110 -97 -72 123 -88 -100 116 -82 -47 109 -10 38 67 -109 101 -54 101 -40 24 27 -19 34 -112 -61 26 75 47 0 -82 -47 -121 -33 30 -64 80 60 83 -102 -101 -5 101 41 -100 -21 37 106 70 72 122 -113 14 -35 81 -62 106 23 29 41 37 48 59 -45 89 48 50 11 -41 -20 -109 -68 -75 63 -122 100 84 -75 60 74 26 76 -37 -45
30 19 9 -42 -97 -54 75 -71 -22 -63 -62 36 -101 -85 123 51 83 -114 123 96 -54 17 -106 -106 -26 -46 -60 -95 -76 -124 29 118 109 114 22 -3 -22 64 18 80 -98 -17 37 53 -107 -116 92 47 -124 9 -8 107 -47 -90 -115 -14 74 114 73 98 -41 -65 -14 -110 83 21 -54 -36 -1 -124 117 8 -105 -33 -97 -3 -120 54 76 57 88 -86 -59 -62 52 91 -8 116 -79 42 -78 -122 -67 114 25 -126 -38 -9 -52 28 -125
-61 10 -66 -36 21 58 -12 -91 49 87 -49 -7 -97 116 79 86 -79 -7 94 123 114 49 -120 18 -72 103 -27 66 123 -101 106 16 79 -5 -109 -86 125 -38 25 19 40 -100 -77 -66 123 109 -126 10 74 -63 -80 -63 39 -43 -24 -7 75 70 -94 -1 103 -124 -9 -76 31 6 107 114 102 -79 108 110 -23 -51 -22 53 55 104 -51 24 111 27 -78 -51 -119 -6 41 -122 -112 -76 -33 -71 98 44 118 -14 76 -2 114 -40 -127
72 -11 70 -25 51 -64 31 -82 115 39 -68 12 98 111 28 58 83 83 -62 -121 65 9 -54 124 -117 33 -65 -107 72 19 -74 100 125 -67 29 58 -88 66 114 -96 -16 10 37 48 7 56 98 -57 -23 114 -87 -37 18 -48 -62 -90 107 52 -122 -38 -32 0 -106 -116 -126 -48 -21 -100 -99 67 -39 -82 -106 -11 -8 -112 -114 -97 5 24 -107 22 45 -38 -29 -88 101 51 -18 -15 -92 -94 -45 45 -70 84 89 -64 24 -20 19
88 -80 97 -20 -20 77 -125 14 -7 -96 0 5 -47 -75 -13 125 73 42 95 -120 -101 106 22 68 84 22 -126 -36 -92 6 44 -93 93 -120 -91 81 115 -79 -123 53 -28 1 -76 -66 60 22 60 69 -79 62 -57 125 122 -94 -122 -22 114 84 -71 55 21 -120 4 119 -18 38 72 -9 -105 34 -73 67 62 -86 74 -107 114 32 110 47 29 -1 -21 109 -35 2 -29 -114 73 78 5 109 -79 98 -64 80 111 5 126 -27 101
21 -37 -116 -85 82 63 -74 21 20 -25 68 19 1 49 -57 20 -69 65 -114 -35 -103 84 80 25 -45 -51 1 -122 -45 -32 114 112 114 -38 119 -111 100 117 30 68 37 -91 -95 -37 11 100 77 114 -20 -35 92 119 115 122 11 -12 -120 -66 111 -101 113 -25 -49 80 -105 -63 4 27 0 48 -94 -85 -2 79 119 -126 25 -80 -104 82 45 18 -127 38 90 43 26 -22 36 -53 -104 93 -12 -12 123 31 79 -66 62 -70 117
-104 103 -12 -68 -82 -114 -42 91 -90 -108 16 9 100 20 57 120 3 -51 -87 62 78 -118 -64 -90 73 78 -5 99 38 78 -97 -52 -72 105 -50 109 -82 -68 -19 52 60 127 11 -5 -8 -59 -57 46 -127 73 98 -30 -57 103 121 4 -113 -15 7 10 -15 106 -62 63 2 118 109 -101 -32 -16 -97 -68 75 111 -87 119 -103 -41 39 -110 4 8 -50 -113 87 -23 2 64 79 96 105 -18 -70 94 95 -68 -54 50 -117 58 -7
-86 7 -66 18 -52 82 99 -77 30 -8 105 -41 86 -93 -75 71 90 26 63 -5 111 77 -79 65 -116 116 102 72 -109 95 59 -46 -126 -122 57 -80 -49 116 26 -39 -121 26 -77 33 83 32 -64 1 25 -63 28 101 67 -30 -27 107 102 69 -108 -102 98 44 124 -24 29 63 -30 44 -117 -1 -24 -64 -114 51 31 -15 -10 6 -121 -108 -102 -64 -93 69 -41 88 -107 -64 -9 -39 79 62 65 -74 -43 -36 60 -99 -96 111 -31
103 15 67 70 -83 17 59 5 28 90 -78 -29 -97 -42 54 -9 -24 58 -22 88 122 87 26 32 -61 13 114 47 -55 -114 -57 10 37 71 96 85 -77 -92 84 -97 -84 125 -76 17 44 106 -71 68 75 70 58 -67 -71 30 119 72 -97 -30 21 -37 53 -5 100 -109 54 -72 57 118 -73 33 119 51 1 39 18 81 -5 -54 46 -73 66 28 -91 -25 103 -53 0 -45 -102 4 -48 58 20 107 -35 -38 27 1 20 119 -18
-116 -61 -121 -18 -125 -19 -23 -30 18 96 -104 -114 21 -63 -80 30 -72 70 -81 8 24 -44 88 -32 -104 42 -109 -40 -75 89 59 -46 22 56 -76 73 -81 8 47 -7 -107 -8 3 -11 124 -53 -124 -73 -13 -67 31 -64 -71 -9 -40 -45 105 41 -58 116 88 -104 -72 31 43 -65 -90 108 -66 -55 13 -95 86 -121 -19 -61 19 35 -30 -47 -64 -66 -69 29 113 -79 -18 -18 2 -100 80 -1 -26 1 -9 87 -26 -95 29 52 -71
-68 5 -7 -110 -2 -101 70 -117 76 97 -48 20 5 -20 0 -60 -96 -29 -10 52 -89 94 8 -53 -19 -105 -65 -105 -115 48 -124 -103 -113 -87 105 -76 55 -91 82 -114 110 39 91 -101 -78 113 -51 37 3 22 -14 -121 -44 119 35 -21 -46 74 -32 66 21 70 -64 -51 19 -97 -100 -34 109 121 -68 -72 87 113 94 50 74 -33 -22 -3 -64 118 47 53 18 113 -22 -101 81 87 8 -94 -80 -99 81 -70 -61 -93 126 -27 -65
91 94 -104 116 16 6 -20 54 -101 -60 -84 96 -117 60 -79 48 120 120 36 42 -103 70 33 55 -59 -89 53 -72 5 68 84 -80 95 26 50 91 103 -55 17 -62 -32 73 -1 -111 -20 110 -100 100 12 -16 70 68 123 -14 -31 -21 -93 -78 10 -80 -87 97 105 -89 111 -49 -127 -60 -17 -36 -102 -98 61 -17 61 -94 71 93 77 73 -127 117 -77 -86 -124 35 -73 107 -17 -24 119 -113 -123 18 -108 112 -53 -26 108 8 -76
-70 -74 -34 20 -84 -96 8 93 -26 82 -37 125 48 15 6 70 55 -86 65 -74 -61 -78 -37 -93 -45 122 -69 -127 71 -40 -86 87 36 -57 122 -99 -4 83 -35 5 40 -23 -4 -1 78 -11 -82 -18 78 118 -43 90 64 94 -64 36 -25 -10 -101 120 -27 -106 -51 -116 27 100 -47 97 95 120 93 38 -120 5 -15 -44 126 116 -106 57 -48 -113 -10 15 97 -102 12 -68 83 -107 -121 -20 -81 110 56 -102 103 87 33 65 88
-91 -22 62 45 79 98 32 -8 -113 87 -6 99 -106 -41 -33 -83 112 50 49 99 -103 -38 -23 28 -97 88 94 21 -96 16 -18 112 -32 9 94 -124 34 -32 -35 -15 -72 -78 22 118 100 -114 -91 44 105 -53 -33 -91 -10 85 79 41 -43 61 73 114 112 -91 112 49 -86 -31 45 -68 -115 89 84 -88 92 6 -119 58 7 20 -111 107 119 -113 52 105 87 26 87 -46 -74 26 -33 18 46 77 -94 44 112 -64 98 75 -45
-91 -88 -36 -39 -38 -32 -92 63 -54 42 125 -119 -35 -74 -55 25 50 -118 -101 90 71 56 75 -11 88 -79 115 -101 -104 -51 -23 -19 -5 -54 -45 127 87 62 -20 -127 -16 -55 -7 122 -69 -7 -100 -50 6 -59 -117 -50 -62 1 -70 20 -4 33 32 1 123 76 16 6 121 2 -42 -104 -50 89 16 116 46 -103 117 32 -52 -86 -127 -69 -24 -70 -84 16 -88 121 -67 11 -49 73 77 -15 -90 -42 2 -2 34 -19 48 -38 -83
124 -46 118 -114 -101 -109 -62 93 7 -39 -38 10 -17 12 -106 61 117 118 19 -49 -45 26 42 -14 116 -60 103 -38 -6 51 -11 -116 4 -74 23 -2 -91 111 -102 -34 -26 76 -40 2 61 62 70 -20 94 79 -105 92 -66 -86 99 98 68 -100 -117 107 -19 51 -118 36 -28 5 27 80 -34 53 -42 -33 43 -60 22 78 -45 -38 126 -66 -80 -15 50 58 94 38 -59 -100 119 23 -30 -125 93 -118 -80 83 34 78 123 61 -59
-117 26 -102 -43 110 -84 -51 -78 -6 -115 -28 120 76 -70 -109 87 56 -21 -26 -46 5 -97 48 -71 -110 -15 -99 -39 96 100 92 -87 30 126 -25 -16 -66 -31 -63 -80 59 -73 -79 -32 -109 -76 -15 39 -109 103 -81 46 -5 35 108 60 -82 -54 37 -74 -46 54 -81 47 -94 13 -57 31 -24 -77 82 -10 -61 -76 30 -99 -67 91 70 -100 102 63 -121 -8 -48 7 14 -3 -62 46 -74 124 -5 6 20 81 -52 69 -36 -99 103
83 12 -124 -75 -79 71 -6 -122 30 102 86 107 -20 34 -77 -95 -105 -44 -30 -74 -125 -66 2 122 28 -43 91 84 -102 -19 49 -6 41 -34 -87 -66 76 106 -38 107 30 10 79 -33 90 91 -14 -50 -47 95 41 -9 -93 79 49 47 -12 26 110 -6 113 -27 62 34 76 -101 -115 11 27 -18 -80 50 -77 77 -47 0 -21 46 95 122 -23 -76 -31 -10 91 31 8 -63 64 -12 126 -2 39 -45 53 37 12 122 40 -47 38
-39 -123 -32 102 50 -6 17 114 -68 57 15 70 -66 107 -88 110 -120 -102 23 -28 83 -43 -89 11 105 -98 -113 -25 -102 72 -59 -24 -41 115 65 -8 26 -66 90 58 -55 -48 -72 -122 -55 3 4 18 7 11 -33 119 -112 14 -66 95 -127 19 -83 -106 -11 -110 -94 -47 -72 -81 -28 -39 79 97 -86 -127 -65 9 -26 118 -121 50 -119 113 62 23 -118 71 -31 28 16 91 17 -58 -112 1 113 -9 38 -59 111 -8 -99 49 -1
1 75 116 43 93 -51 -101 12 88 53 41 116 12 77 85 -23 -61 110 41 59 119 -113 68 87 -60 -107 29 22 -86 -126 -38 -72 -116 -106 60 -67 90 99 43 -44 43 15 -51 -109 -51 -94 85 40 -102 -78 -23 -61 0 68 -76 -48 21 52 -91 104 47 -18 98 111 -60 94 -15 -53 -94 -24 -109 58 -80 31 -31 39 79 -58 -80 6 -112 -80 46 -115 75 15 84 108 93 -49 27 68 8 0 -114 124 64 2 -96 76 104
-39 -14 1 68 -15 -32 100 -98 57 -126 -52 100 73 125 -90 -40 -112 -34 -96 97 52 -74 -81 74 29 81 30 -21 96 -56 95 -8 -5 26 77 23 -105 -72 31 85 -63 26 40 45 93 -43 -69 -71 -82 64 -64 -67 -74 28 -47 29 -21 -40 -13 4 -35 -31 -59 -83 -40 -106 41 -83 35 75 82 -86 -25 -2 -82 -45 -44 33 -95 23 19 28 -117 -37 -84 106 -12 -67 84 1 127 29 95 82 96 -6 56 -97 -125 93 -79
111 -101 -31 -7 103 -45 18 -106 -57 -50 -84 45 -58 30 -1 -16 47 -117 121 10 94 -83 -98 83 121 -67 -29 48 -91 41 -45 90 110 59 -43 -121 -62 -13 122 15 28 -35 71 46 72 125 -65 96 112 38 -71 126 -74 69 63 40 -88 -122 1 -111 -53 -45 14 -61 -120 -103 115 102 -82 74 -14 -75 -20 12 -51 13 -32 -111 3 97 -91 1 112 -24 -125 -4 19 82 -95 -115 3 116 105 26 99 -114 -20 -65 65 48 0
125 -78 -7 118 63 -77 -124 0 35 -116 87 -70 117 47 65 115 100 121 -55 -95 -58 -86 -74 -116 -5 122 98 -63 90 81 66 -63 -111 -58 87 108 -3 -121 -112 -52 -28 -24 -81 14 4 21 75 -21 119 -85 -120 80 74 73 -11 -16 88 -50 -17 -95 -67 -48 -67 44 -15 14 -50 -8 -16 -27 -12 -96 102 -1 86 -10 79 -43 -119 0 16 49 13 84 87 -52 23 -115 -9 47 -27 -101 -36 -5 6 52 -21 66 93 49 103
3 -74 -121 -94 11 63 58 -94 -73 -64 -5 -17 107 94 -64 -50 -81 68 -121 127 -63 118 47 -45 37 71 -4 49 -24 -117 -87 -42 -88 -95 67 115 24 96 -106 -27 -102 -3 -34 57 13 -124 -100 -76 -124 -24 -69 127 -5 -33 86 -33 51 -20 92 89 -34 97 97 -45 -83 -62 -53 -104 10 53 -70 42 -21 15 88 -8 27 -121 102 47 110 -77 -72 105 -86 89 120 98 33 38 -30 -32 -44 -18 -46 -102 4 107 70 -76 21
-67 73 -91 48 8 -46 -106 113 120 16 15 42 24 -61 18 -19 -90 115 99 -4 -20 -50 34 -49 66 -26 -120 -81 -77 21 79 68 -7 -35 -82 -126 -64 101 -27 -64 -20 126 -59 -125 81 81 -77 -73 -117 26 10 103 -11 20 -30 40 -12 123 33 -59 -11 -57 84 116 112 -127 -65 12 -46 96 -104 -120 -6 -119 -29 89 90 -112 -23 -46 -48 -77 37 -103 -64 -34 -57 12 -100 102 -116 114 76 -94 -108 -40 -82 -76 -7 15 -98
-57 72 32 61 125 37 -91 114 93 -74 87 -62 118 39 90 -115 -121 -38 123 89 -18 -108 117 30 -96 64 115 -64 107 33 94 -59 -51 -14 51 85 30 -26 109 -98 78 0 56 49 -108 -89 10 96 31 -116 75 77 76 -89 -93 -114 -18 112 -93 58 15 29 -28 48 -31 118 66 -26 30 -87 79 37 -86 15 55 114 -83 91 27 5 107 44 -91 -99 -79 -39 95 -119 109 -94 -110 -78 122 122 -101 -118 -98 25 29 23 -88
16 125 -106 -20 17 110 95 87 -90 19 8 -26 114 3 -14 -65 96 40 58 -76 50 67 -62 -1 -23 -110 65 -40 -125 -20 20 87 102 -67 61 66 -103 71 -45 -98 5 13 57 -70 -6 -71 -5 13 24 12 21 -116 101 -115 10 95 -67 112 -118 21 63 40 -115 -65 23 102 50 18 25 3 47 -2 -94 -74 47 71 -64 105 104 38 127 47 81 -14 98 23 43 83 107 -18 -38 -111 -64 35 -75 98 52 -24 -52 115 -19
-75 -39 -22 68 81 -62 36 40 -113 -16 -118 -71 -57 102 -103 53 -30 78 -119 20 -43 110 -71 88 125 -61 59 -13 -62 -91 -80 82 -59 55 -57 89 -75 -113 -104 118 -12 77 43 11 -95 20 100 -51 -66 27 29 -11 7 -59 47 -63 -80 116 54 -84 -117 -96 72 -22 110 55 112 117 -53 -9 -97 88 -68 -69 112 97 -102 92 110 124 80 -60 38 -14 120 33 -53 -105 3 -119 53 92 -22 -33 -15 -72 -63 74 -76 -50 18
32 106 -37 -38 125 54 74 -89 6 5 -4 -107 -8 44 19 50 -118 23 -39 22 66 12 -92 -97 76 15 40 -94 101 -45 59 -99 115 -33 -17 23 -39 -54 -7 -49 25 -85 -24 86 111 41 -123 78 74 81 110 93 -22 -122 71 -7 18 -64 -121 -57 -126 3 60 -112 -98 20 109 17 -105 -17 68 45 -26 19 61 -70 -26 -111 22 0 113 -19 -99 -98 74 -36 49 -34 -94 82 -123 60 -103 -16 -13 -89 15 -40 -112 -72 -122
92 40 -16 125 40 96 -77 -104 -61 59 9 -44 -111 -110 -12 -76 -61 110 -55 -81 -53 -72 -29 46 -73 37 -80 127 -87 -12 80 118 -66 -62 -36 -73 9 26 -116 -55 26 -115 -61 -121 -106 -34 77 121 -33 -82 68 -78 -32 -102 110 -58 -22 60 -114 100 62 29 -13 63 -78 -42 -55 -85 5 -108 98 64 -30 69 -102 103 -116 -11 -20 115 71 -57 115 102 -3 -120 101 104 -114 -56 -74 126 -2 -15 -114 58 -53 -55 32 -71 35
94 41 -55 89 -58 13 18 -75 -79 -23 -2 -117 -80 11 77 -62 -61 36 -94 31 -9 51 77 6 58 95 67 17 40 97 2 -99 108 36 48 54 -109 51 108 8 -52 46 119 -85 8 83 43 3 112 91 -125 -118 -94 35 -107 -89 39 126 62 -1 32 33 109 -33 -107 -16 -55 -96 82 -78 29 -81 -25 -7 -60 26 14 -84 -121 70 -101 -114 -94 -79 -62 56 -32 99 75 82 -113 -124 -121 -122 36 -117 20 119 106 49 -46
71 14 9 8 93 75 68 41 4 45 72 -80 19 -106 -22 -12 57 -4 -9 27 -102 -96 1 -47 -53 -106 119 -118 -2 -16 -4 0 -61 -16 -87 22 -61 121 -123 97 97 46 -7 -2 24 -5 126 -4 -127 -7 -52 113 -29 -33 80 26 63 115 -83 -8 24 54 -124 -14 9 54 83 -34 -29 61 45 -29 94 -34 122 61 -100 115 46 62 -5 -83 3 -113 -107 61 -68 -95 71 -76 -23 -57 -78 34 63 94 -110 22 -123 -112 76
-116 -125 127 39 -43 38 7 -14 -93 41 68 -82 -80 114 -109 103 48 1 72 89 -112 29 66 -121 24 28 -93 105 11 -21 64 98 91 -66 -84 124 -17 -122 88 -61 50 -104 -66 -84 -32 -95 -122 -24 51 -43 23 -127 8 -16 -103 42 -123 -6 -66 -78 -42 104 103 -35 40 12 0 -74 -51 89 17 9 -49 17 123 -94 93 75 81 118 65 93 56 92 -36 -70 -34 1 -43 -84 83 29 -7 -107 -30 69 -15 13 -70 58 -46
-107 -7 22 -87 -90 115 -51 -113 -29 -61 71 -33 -74 -5 32 20 -118 -118 -60 124 123 44 -12 -69 57 113 -7 -68 -40 58 -120 -90 -32 56 -115 116 86 -64 127 -99 -116 15 100 -112 109 -46 20 -7 30 -8 -124 -13 -93 51 -108 39 84 -72 46 -115 117 -122 47 55 -106 91 100 106 26 -98 -96 -12 30 -53 42 93 7 -44 -109 -103 111 -26 32 -79 84 -7 107 -114 -103 -65 -23 -14 -30 -58 87 -77 69 -42 -22 72 -38
-16 40 -59 39 -15 73 86 -6 61 10 70 -88 -7 78 54 -78 -79 -127 127 -18 115 6 123 -114 70 56 16 -76 123 -67 78 115 -68 -88 7 -26 95 71 -115 48 106 0 24 33 56 -102 5 -43 51 106 -41 109 -91 -77 -68 94 -7 32 5 -42 -121 -48 64 -70 -84 -64 -15 -46 89 -5 -107 -118 95 -118 103 -16 14 95 -91 72 -4 86 44 -26 -119 -14 -53 46 -13 -17 14 -37 20 107 -25 -13 13 39 2 16 -123
19 9 90 -60 -45 -45 -38 -52 81 31 -115 -85 -124 96 90 -74 -101 67 72 -19 26 -20 -97 -90 44 17 88 -45 -88 -6 0 107 -112 7 -25 98 -100 60 -42 35 -12 3 -105 4 70 -106 1 42 88 -57 110 -61 44 35 -72 33 1 -115 24 -110 -96 -34 48 124 69 48 -20 40 -74 74 20 -84 -93 99 77 -17 -119 51 68 -58 -87 -8 -41 -9 66 122 107 -49 46 48 85 -123 1 119 101 -117 -34 42 -102 -85 10
102 117 97 12 -41 13 120 68 100 66 -51 -33 -2 -88 45 12 126 54 -36 -53 82 -91 -120 83 84 -102 -51 -44 31 -112 -96 -108 63 14 -92 -80 120 -89 -49 -117 -103 -49 102 -93 5 2 46 -48 1 -56 -36 -61 82 16 -97 48 -59 120 91 -5 -67 -24 -30 97 -56 41 -74 99 102 -35 -56 -127 2 -16 33 109 -67 -13 104 103 -107 -124 -62 -42 15 23 110 -59 -33 97 -73 -10 52 -84 -17 21 52 67 -65 83 67
104 -38 94 -102 95 108 14 -39 2 -20 -65 17 -127 -23 -103 -19 -85 -62 85 -6 -21 63 62 58 92 -19 -23 -127 15 74 -5 53 117 33 -17 -102 -115 29 41 -111 39 -19 -39 -108 11 -115 114 -42 -79 6 -73 53 92 -66 -95 11 106 32 38 105 -16 -56 -83 104 -92 94 -108 0 25 -21 51 32 80 69 -54 123 34 -47 31 54 4 77 -44 112 50 -38 -67 97 -66 117 -82 114 2 -117 16 -117 7 -11 -63 18 -36
115 -8 -56 -34 -14 -69 -17 121 56 45 -2 -14 76 43 -46 30 -91 -118 2 49 -6 -15 96 -111 74 27 -50 39 -19 126 85 -31 53 22 73 36 -108 -22 -45 -7 -81 2 -93 60 -33 -49 66 3 -112 78 48 21 -31 -8 62 31 -93 -96 -23 1 -14 104 -106 100 22 0 110 -19 110 40 85 59 -127 -43 28 25 2 -28 110 -6 -15 40 -74 43 -126 93 -38 -30 18 60 -104 -123 -44 48 97 -37 94 -2 -127 -10 -20
-37 -25 -111 -33 50 103 -76 -40 -90 71 -47 3 8 -31 42 -40 -45 -58 -62 -4 105 24 22 -121 -103 13 -23 57 41 81 -17 -103 122 -69 123 95 -7 -122 41 -89 -29 -124 -121 -28 -78 4 -65 -127 -103 -40 94 -86 110 44 -115 34 -5 46 106 56 -15 51 125 39 -107 -54 53 -4 92 122 12 -41 125 -102 -48 -105 64 115 -121 -64 8 42 8 -60 -21 -100 52 98 67 -93 110 -48 24 126 59 105 75 -48 -88 17 -26
78 96 119 -20 -54 21 1 30 -118 -107 -3 -116 -100 -60 92 -49 48 77 40 113 6 53 -39 -75 -112 52 91 -44 -51 -12 96 -16 -112 -93 -70 56 -108 -12 -18 13 -92 -15 -62 -93 77 76 101 98 -70 12 -10 -101 -66 -72 13 51 68 -22 -103 -9 -123 108 16 -85 -50 -63 117 0 59 60 -116 34 36 -106 62 96 -90 -113 53 61 10 -103 -12 102 -15 -97 -111 -47 -127 -46 96 17 1 -103 -87 26 29 -101 -94 -10 75
-14 -20 -58 111 -14 -59 -19 -48 -84 10 78 -8 -113 -17 -111 10 74 101 33 46 -44 -101 22 11 52 -103 21 -104 -119 -33 -31 -110 79 -120 52 -16 105 76 2 -71 121 1 87 -35 126 85 -21 -71 76 116 11 -74 -50 78 8 -74 47 -80 72 89 -44 -19 27 -98 -65 -74 -1 20 82 110 -16 18 2 -97 -18 -101 -20 61 -39 -16 106 -117 -55 -118 16 -87 -125 -43 -83 37 52 2 57 51 18 69 -29 54 12 76 -8
108 26 83 2 73 123 16 -49 -35 -46 102 -95 -40 -23 28 -31 -5 49 0 4 -111 43 -73 108 59 73 33 14 -83 -111 15 -102 40 118 -73 -20 77 -66 39 20 -112 -29 23 27 -16 79 100 -8 -70 87 19 65 -15 -43 33 20 -78 -42 -112 74 -97 29 -43 -22 -87 -109 -70 -27 -38 -57 72 -101 87 46 66 64 76 -78 -33 4 -2 72 -82 -92 38 47 109 71 106 98 48 83 -11 -111 -99 -111 24 -116 -97 -58 2
-3 -29 55 -41 -27 -21 -93 73 27 12 -91 -123 110 -74 -97 119 -120 75 22 90 45 105 27 0 -96 102 -87 -57 22 -21 -99 -66 -102 105 -79 -42 -48 87 -112 -89 -21 -18 -17 -81 -57 82 90 13 -124 112 -125 -100 -118 -27 -59 -14 -44 58 64 38 -7 106 43 -23 42 -44 69 64 77 -108 4 9 -45 12 -20 -127 -29 111 -79 116 -102 21 3 107 91 -114 -87 96 10 31 90 77 -113 42 -25 -63 16 -101 35 -89 -52
-18 -77 122 -37 -11 25 36 -25 62 -76 30 -106 -10 127 -83 31 22 -43 -59 114 37 -17 -8 72 124 -7 106 3 61 111 60 -48 -6 3 100 -35 52 -24 -26 -113 49 -91 97 -104 -44 -39 -27 -30 116 8 -127 18 -35 104 5 -88 118 63 -18 -117 -64 -62 -39 114 -112 15 -102 8 -31 -68 54 36 2 124 -9 20 116 94 61 71 -33 -72 -44 65 -36 38 118 68 -12 75 -75 -122 38 37 -6 -32 -55 -91 -51 -33 17
-16 43 -117 -83 -26 -4 -46 -98 88 6 -123 86 12 101 46 -68 122 116 -54 19 98 16 -91 126 -101 61 -40 -122 -56 -104 -72 -32 -48 -4 55 112 -62 114 -19 30 127 -82 100 25 98 65 -40 26 46 -56 -8 -74 126 -77 -16 -43 23 103 -82 104 -82 118 63 110 28 -120 51 81 -95 -65 -42 -57 2 76 -60 45 -53 -45 -108 -102 122 98 33 0 76 -77 -65 -68 1 -30 76 -39 -63 72 114 -32 12 77 27 -103 78
42 -48 -21 -125 28 -105 -36 10 110 10 -34 -113 -43 -83 95 46 -114 -63 75 -75 -74 -82 1 33 83 36 -37 70 113 -95 82 66 99 113 100 -105 121 -29 51 -105 74 -70 -109 -113 -41 -106 127 -70 -94 118 30 -124 -106 98 -46 31 63 124 -115 -23 63 -118 -50 -81 123 41 15 -56 -24 66 -125 32 -126 -15 101 -112 -61 108 83 -72 50 -73 81 48 -45 16 125 -60 24 -11 35 5 34 -81 32 -10 -25 52 -52 -106 12
-29 96 6 -111 -42 6 -96 24 83 17 38 103 43 -118 114 -24 -18 -5 71 -49 93 -44 -97 43 125 -95 -80 0 -88 -127 -15 -80 9 37 91 -36 -31 44 -69 -6 -125 -76 -74 -52 -48 107 -8 111 72 -121 -102 55 -41 85 49 -112 118 -20 -88 -124 107 -108 63 66 8 110 106 -88 95 -112 86 -81 -60 -8 77 -49 -8 35 95 40 127 30 92 10 89 99 39 -88 -79 -29 93 20 -70 -12 92 84 76 -99 48 -95 112
-16 87 -94 119 97 6 -59 -54 94 -67 120 8 -122 -24 -28 -80 -67 -29 112 -44 -88 4 -75 37 16 20 28 83 -42 -37 84 12 -115 27 -30 17 -75 -82 -28 62 -47 -104 -25 -22 67 -60 -59 -7 39 -71 -116 -98 -91 3 81 -113 -34 43 -12 48 -124 80 -76 119 -82 109 33 -104 -3 -60 -54 -92 -79 110 31 65 35 -79 -109 38 -23 -14 -66 -32 4 119 -73 -80 -42 -43 89 7 -46 -86 -104 81 -101 -107 55 38 -119
-127 -13 27 56 -81 113 -64 -76 -94 19 1 -50 76 -17 -2 -72 -80 -106 19 116 61 -18 20 49 -77 57 -117 -93 70 -97 -20 -23 -51 -59 -101 -89 62 -46 -88 -55 -69 117 -94 -90 119 -83 116 -14 46 -124 26 58 1 -8 37 -38 108 -73 102 -104 -83 119 45 116 -59 5 -19 -66 -12 -40 -45 120 -39 71 -8 -60 -101 -87 77 -83 -83 122 -10 -83 -77 -31 -99 -63 -117 19 0 -50 104 3 63 69 59 97 -82 69 -100
-63 -83 -96 10 -1 -57 0 -52 -74 -84 35 -107 -41 -79 -44 -39 55 -15 39 117 52 -62 -96 -115 -86 15 -71 -74 -25 81 7 -10 106 -75 92 15 -12 -91 55 26 79 -59 -42 -121 -37 38 60 108 -82 44 12 75 100 -18 106 -98 116 -101 -12 108 -117 28 82 55 89 2 18 -31 -28 -4 -57 7 16 -31 9 86 -84 5 -9 93 -103 -20 -76 91 -44 25 -111 -102 20 -9 -38 -49 -93 39 -7 7 -73 -70 -24 41 -18
-115 -107 -122 59 -33 68 11 83 80 24 11 -14 99 41 -85 18 44 119 110 91 -54 21 -3 -20 97 83 1 76 -102 72 69 22 104 -121 0 -76 46 84 -31 -66 -30 -71 77 -39 88 57 -15 23 98 7 -2 -65 79 21 77 5 13 57 54 -115 114 99 -55 -57 118 9 83 3 85 -55 -58 61 100 -11 110 -113 -90 116 27 62 79 -80 33 92 86 12 73 113 -65 12 -86 -119 -88 44 122 -53 -14 -116 -47 85 109
118 -33 -119 87 110 -85 120 56 48 75 67 85 97 -94 -14 -61 -17 45 24 -31 45 -44 -5 49 89 -43 -45 105 2 61 125 -92 -11 -124 54 15 -54 53 33 -107 5 -45 75 46 -109 -64 -30 -116 119 108 -59 -79 -124 33 62 29 101 6 115 -65 99 -47 -17 -71 -95 -66 -58 -76 46 52 -73 -49 81 61 -37 102 60 -82 51 -69 38 42 39 -64 121 -15 82 -118 17 112 37 -86 44 57 67 3 26 78 -104 -63 -54
66 -118 18 53 70 -34 94 92 -110 17 113 -69 66 82 -11 -1 -104 90 -84 95 42 -59 -75 92 24 -72 -21 -59 42 -14 -123 76 -20 -110 -98 -105 92 -95 -52 116 -120 74 -30 -66 -62 -65 10 -123 92 -96 75 -105 -1 -110 63 118 2 43 110 72 117 -2 -91 -22 52 103 66 31 -89 -40 -72 -117 31 82 -44 -9 -22 -58 12 -126 124 14 70 66 -19 48 123 3 0 36 29 -108 14 -55 -102 -34 17 -54 102 58 124
25 -2 -87 90 63 -93 117 -80 -88 92 113 -88 -75 11 -79 38 41 111 13 14 75 -97 -45 3 67 -84 98 -21 26 5 25 107 94 78 -37 -79 -52 -67 12 60 -118 -78 -45 -125 -56 -97 -9 -110 106 -9 -91 31 -18 -85 125 24 -60 -2 56 35 -33 44 -76 -77 -121 48 -76 -114 88 39 80 -17 111 -106 -88 -92 32 -102 -21 -54 -62 64 92 -104 -4 -111 74 -59 -124 4 -90 -119 -63 -2 -64 71 83 123 73 -49 -26
119 28 -40 72 -26 -9 -104 -72 40 -88 -99 -26 79 -50 -49 -116 -81 -75 -76 -96 -124 -14 99 14 49 -67 81 -20 91 53 73 29 89 -113 -67 96 84 75 94 47 11 13 14 109 121 -108 20 84 -5 126 -59 27 -102 106 -20 57 16 -21 46 -38 -46 20 -62 -57 -115 -119 24 -18 -25 51 -19 76 -107 61 83 86 -22 77 40 52 1 43 -115 88 54 95 81 88 -8 -49 110 -115 52 9 -11 84 -29 49 22 -121 118
66 42 -12 -80 31 -41 0 32 30 62 -85 92 -125 81 -93 -99 -91 53 36 91 -77 86 -41 -86 57 17 87 69 113 25 -90 -78 14 -14 51 86 96 56 47 -18 46 1 -33 61 16 16 -89 100 21 46 124 65 36 -35 -19 49 -50 -70 6 -80 121 -74 -84 -102 -78 -106 -68 26 -18 73 12 122 42 13 -103 -21 38 -10 119 -5 11 69 -31 68 114 49 -21 -102 -12 6 -67 -80 58 -73 91 -122 -53 88 95 -97 122
-111 34 -64 -64 -12 68 -66 86 -23 8 30 104 121 121 -111 52 -77 79 -119 94 0 121 -24 105 25 -36 -99 -3 -14 22 29 -1 72 -28 -113 -91 -70 -13 -93 123 0 -76 98 18 60 15 107 -62 -11 123 -9 -61 40 95 -109 -125 -113 57 -32 -16 -112 -3 -31 54 -32 -90 -120 -112 -40 -38 28 -80 -123 -73 -80 -16 115 -113 -87 57 -62 55 49 90 -17 -74 -8 66 124 98 -97 -51 -48 83 74 30 121 -98 -93 -68 -68
-46 62 83 -7 51 65 110 121 -116 52 -5 22 -84 -39 -29 62 102 -6 -84 -4 43 127 -62 71 -3 78 -6 -20 -22 -85 104 -59 87 51 11 15 -81 40 0 -99 -68 11 44 -95 -25 97 -98 -15 -126 -118 4 -37 75 124 3 -2 2 -11 83 -64 10 -65 -36 74 12 -72 -64 -80 -111 70 -105 31 120 -63 -73 71 -35 20 81 84 -70 47 -41 27 -35 99 -57 112 -115 -38 -13 55 98 80 -38 -107 52 29 28 117 41
85 -82 -74 63 121 71 34 99 14 71 44 -27 5 -15 -14 -32 -43 71 14 112 -81 -24 65 61 -89 -79 96 58 73 -110 47 -87 -32 64 -116 51 113 -50 -2 -75 64 -52 47 -1 -67 101 72 -71 -56 -61 -68 -97 54 -121 7 68 -35 -80 94 -87 52 -45 98 36 69 78 62 25 118 -125 91 -17 -17 49 9 39 23 -117 -67 45 -122 -2 -47 47 73 -27 -31 -117 -30 43 -76 50 108 89 69 21 59 -34 95 91 -21
-37 110 -107 -77 78 -39 -97 -19 121 32 106 -83 60 -103 94 -43 95 -33 -126 120 -7 122 -85 -109 97 -61 -39 -56 -8 -10 -119 69 23 31 -115 -7 -4 -79 78 41 -110 -8 125 -81 -52 -44 -115 -40 21 67 -123 55 -11 62 12 92 -22 -5 49 71 -88 -4 81 -112 -73 -116 -95 3 23 -103 63 -53 115 -1 92 -48 -7 -72 -66 -24 -24 3 -50 8 0 -127 113 -109 -73 -61 67 -22 -1 95 -116 103 126 -124 127 99 3
-116 -93 100 7 33 -35 44 -105 106 25 -83 -127 -52 -1 44 -2 55 -98 -109 -46 32 -102 51 17 -127 51 127 -7 12 -68 5 -91 119 -54 -96 116 -127 58 48 -4 -119 -21 -30 72 -7 28 51 -43 73 117 -49 7 78 -96 122 120 55 99 -97 115 91 76 -91 -27 -63 -85 53 44 -13 21 -98 4 -93 -93 89 -16 31 -114 -121 -14 23 127 74 101 -65 -88 107 80 78 96 -97 125 -31 -118 -46 49 -66 98 117 -33 -126
112 11 -115 -67 85 -10 106 4 32 94 67 -18 -20 32 -62 19 -24 -121 -70 1 -113 109 109 -67 -75 -14 -3 57 47 68 3 -22 51 96 -7 -50 57 -80 110 -93 3 76 -66 -106 -118 124 -75 -92 -8 31 89 -124 119 -113 91 65 109 -66 -67 114 115 23 83 29 -87 94 -81 67 -84 21 -10 41 -52 49 88 -58 -50 34 -102 -4 87 93 89 -5 75 23 -90 -7 60 66 -22 29 -74 123 76 -62 1 20 26 123 -83
68 66 121 -13 -59 -112 -83 81 100 -112 91 -27 61 99 -125 -38 -78 -19 -95 10 95 3 95 34 15 50 49 -49 -23 40 -51 -33 -14 86 -85 -44 -110 -29 -22 -46 -82 -3 -74 -23 13 -85 39 -102 -99 22 39 38 -52 -119 -43 -121 6 9 120 11 22 -51 -3 11 -26 -8 8 47 118 85 19 48 -4 -118 50 -116 -14 -29 -21 37 -85 75 50 67 14 -126 -116 86 39 29 88 15 -87 -1 -54 -99 -2 51 15 43 -89
-17 -79 -16 95 -95 -83 89 -28 69 67 57 -63 120 -102 -9 4 -9 -120 41 78 -4 72 27 4 -72 -30 -92 -86 86 114 77 39 59 65 -69 -2 114 52 69 -82 12 28 56 -38 -49 107 60 94 118 -63 -72 105 118 -15 83 -35 -9 -21 84 108 -10 -102 -124 -44 -54 52 94 -112 115 13 34 112 123 -46 40 5 69 102 112 -94 -111 -95 -29 125 35 -81 -66 -67 -65 -6 6 96 -23 -98 31 93 46 111 -54 -29 -36
-83 44 -98 -42 56 51 -28 18 127 87 -88 -34 6 -82 -95 93 21 71 -125 22 31 53 48 -55 -50 -45 -61 -127 76 -108 -39 39 65 1 0 -28 19 -89 45 -74 96 -105 28 116 68 -67 126 67 -23 61 95 7 87 -126 29 -9 -82 56 -34 -35 -105 116 -25 -105 42 -96 49 116 -98 117 43 -17 99 56 127 -11 -92 94 -41 53 34 85 88 33 -104 -80 122 -107 -14 75 87 97 16 73 -105 46 121 110 -94 -43 -122
-76 -69 -61 27 -84 40 126 92 -1 -3 91 112 38 73 119 72 38 50 9 6 -21 -79 50 110 18 -124 53 -9 -73 20 93 109 -99 79 -4 -52 66 -66 -70 -94 49 86 31 52 -86 93 -97 68 -14 62 2 9 94 -70 -7 -38 116 96 -71 30 -89 -93 98 -21 15 111 39 109 52 60 -50 -109 -82 96 46 -124 -62 24 50 93 -62 -79 -20 76 76 27 -34 111 -70 -13 -120 -96 79 -73 -59 -120 -116 53 -107 44 -102
118 104 72 -49 41 122 -88 48 79 -46 -42 107 44 122 86 -62 -49 20 -64 78 -108 -72 -34 -90 -109 -29 -61 -73 -50 -38 -23 -14 -112 -67 77 19 -43 59 30 29 -85 -96 -25 101 107 37 98 -81 35 -51 -47 -61 -80 -96 112 -124 -56 33 13 93 125 81 -71 -95 1 0 33 29 -101 106 -103 19 -84 65 60 -53 56 -88 95 103 -68 64 27 -51 73 92 -92 -90 62 105 -51 -20 -103 -105 99 -21 -105 -21 54 -75 68
69 123 -125 -95 99 -11 -34 116 -127 -17 -91 -111 42 -115 68 -12 -49 118 -81 51 40 92 -13 11 11 -26 -6 115 -67 115 -60 50 79 98 -66 -79 51 -88 1 20 -14 -23 -125 106 75 -122 -89 90 -102 28 -92 53 77 10 43 -46 -43 -16 -33 -118 53 -76 -38 88 -51 26 -2 86 99 89 60 31 -122 86 3 103 -26 -38 21 -70 38 125 -20 -86 78 -104 -19 -127 92 103 -117 -91 27 71 -86 61 -54 -92 92 93 -85
8 -68 -78 4 -10 8 -3 65 -44 84 99 31 -75 -40 70 35 -68 -74 59 -49 -27 -45 -33 -71 -16 11 124 20 52 89 -22 -60 -93 -49 -3 126 -69 -37 -16 43 49 -50 59 117 17 -104 -104 -55 31 -87 62 -99 -77 115 41 90 -26 -9 68 61 -74 -39 112 -18 -113 106 -60 -57 75 41 -35 112 -94 13 -67 94 -105 -63 -3 64 96 -116 87 -4 -44 -117 74 81 -46 -114 -38 -101 70 33 -69 107 -94 -90 -32 -12 2
1 48 -24 74 67 115 -47 -2 -52 -84 -114 17 -57 -23 102 123 -102 -39 -10 85 -109 19 -55 -73 95 -25 -125 42 60 -67 -30 108 89 -82 -25 69 71 -126 -119 49 23 42 -71 -71 105 -23 25 19 8 -60 30 3 106 -37 35 -115 32 103 -2 103 16 -38 48 79 -119 -19 73 -97 -112 -100 7 81 -28 84 -48 80 -91 98 -108 -74 33 74 -84 96 -93 49 -49 -125 -38 0 45 13 -94 -50 -63 -96 -51 88 111 87 -69
11 16 48 87 -37 -28 69 80 -14 -100 53 -111 -126 -3 -22 105 42 46 5 -29 -51 98 67 27 62 59 -120 69 -82 61 101 9 -81 -85 -42 -4 -63 -120 -5 99 75 59 22 -22 -46 -8 -114 -112 107 111 53 116 -70 -12 37 73 105 11 -26 118 1 -102 -79 94 117 -91 -2 61 93 85 -57 -1 52 -64 -111 36 121 8 48 15 49 -2 104 -78 -118 61 -59 25 31 95 78 72 56 112 23 69 -26 -115 -103 109 -34
105 -14 -30 -120 -71 17 -101 -120 25 39 1 -53 -115 42 -100 81 -100 -91 33 67 43 -120 -119 15 49 105 -22 -102 56 -55 67 -63 99 -67 116 -78 123 55 9 97 -96 61 -91 -100 -109 -73 26 -4 -14 61 -103 -50 -90 -118 -25 -109 80 107 -98 61 -66 101 -42 90 104 -41 63 56 -92 -38 -107 -63 13 51 93 -101 72 0 -7 70 -87 -6 -38 76 73 -122 -8 40 69 -39 -43 -110 123 -4 -91 -45 34 -25 111 -81 -115
127 65 49 -34 -70 49 82 -83 -85 -25 -60 -87 60 -25 -34 -42 -36 -76 -123 -117 92 40 -18 -111 -54 -113 36 -67 8 89 -64 86 -27 123 -107 -112 -5 75 99 -125 17 -8 87 -31 -40 -29 55 79 -91 -8 -77 32 24 -43 57 -31 67 92 33 -24 71 113 43 -24 -5 -111 -98 36 -113 -5 -127 80 -64 36 61 -59 19 -106 -96 123 42 -125 17 -117 -95 60 -14 20 -111 -75 -21 -38 -89 81 -62 -23 -25 50 87 -97 6
51 -15 94 121 -59 1 74 -84 106 117 102 106 121 -43 81 126 -28 40 -104 -116 -89 122 73 28 -72 -22 73 1 120 29 12 99 11 16 59 51 -101 7 108 81 114 39 -34 25 -26 3 127 -79 -14 3 -100 70 34 27 -11 -109 6 -97 -73 84 -35 33 -8 29 60 -50 58 22 -54 3 -87 40 96 -70 -9 -101 50 117 -90 38 -74 -69 20 2 -2 109 -99 -25 -62 110 40 -92 62 103 -11 -96 -89 -84 113 1 -40
127 4 -57 -115 -58 -119 11 48 92 -42 69 32 -98 -72 55 114 -28 -123 -19 -106 121 87 97 94 -56 -104 73 77 -62 58 4 50 90 -125 59 116 119 44 -70 -107 58 -86 -26 68 -116 -123 -110 -98 -57 117 103 80 -7 -63 56 100 -16 -6 108 86 60 -77 -27 38 -58 -78 5 53 15 -62 -89 -9 -27 60 -42 93 121 -70 112 -127 -76 60 -107 -31 -74 36 2 -38 -31 59 81 -114 -38 61 30 105 -58 -98 24 20 -32
-18 10 83 9 44 -42 -58 114 91 102 -127 23 42 31 95 13 9 82 -81 -17 123 50 97 -19 1 92 18 54 89 91 121 -44 21 78 -116 36 30 -100 1 19 51 60 103 -72 -109 -85 -121 -13 55 -21 51 -60 96 62 -28 -34 -26 -126 -101 -59 -3 -84 -16 101 101 -109 -29 -119 -71 79 -77 12 74 110 99 44 79 -51 -78 -19 60 70 -97 91 20 25 -50 -87 -99 35 100 -14 34 -38 -86 38 76 40 2 94 41
14 -92 35 116 42 4 -33 61 15 -27 -106 -23 16 -115 6 -59 -39 -7 -37 22 10 -78 19 -24 -87 119 57 -4 22 117 32 29 105 -63 49 66 -44 63 18 -68 -15 -58 27 82 40 121 105 -93 9 100 24 8 52 42 84 112 -47 -44 -39 109 23 45 27 74 102 26 -91 15 3 -16 -40 -80 -30 28 -65 -45 37 -54 -2 99 -88 51 -103 108 83 89 49 98 125 -38 79 -36 -103 126 116 -25 -3 102 124 -11 4
81 25 2 75 88 -40 -121 77 -62 -111 67 -86 -84 -89 -124 77 -81 125 -23 80 72 -2 -59 63 -95 -95 47 27 -1 80 -44 84 -121 17 -95 -123 12 -47 -50 -97 -114 65 124 -11 57 35 -51 -69 -3 93 50 93 5 -39 -20 95 -79 -20 99 34 94 73 81 -85 -107 -49 -6 -35 -20 40 79 73 58 -121 83 -27 106 -1 17 106 -3 -54 113 42 -105 -23 90 5 47 -11 -58 102 -89 34 -42 107 -28 -73 -123 22 82
111 115 -79 59 -88 -115 71 114 67 88 -36 72 -108 -35 -75 -86 72 88 -18 -127 45 -96 -78 28 -80 -116 52 67 -126 -72 -25 -66 76 -23 -16 -25 -62 112 -30 40 10 -15 -57 -33 90 47 -19 -114 42 119 13 109 93 -69 63 -87 85 100 83 -29 -70 -111 -8 79 122 -98 -47 119 70 -49 -23 -120 4 110 20 -90 20 -88 -73 -73 -47 9 9 -95 31 104 -62 89 -116 -108 77 89 -64 -112 -24 77 72 73 85 11 120
120 9 45 -13 38 -32 -30 11 -120 -23 60 21 -91 -68 45 -31 -5 -33 -34 -31 -110 -39 31 -57 58 72 -94 22 100 -78 36 -13 -61 96 94 47 -78 125 64 92 23 81 91 99 -89 -76 -123 -25 75 45 -115 118 -100 -30 -110 -40 25 -95 -38 -36 45 79 41 -94 8 2 0 -92 112 114 79 -6 -96 48 114 59 45 -75 -126 -58 -75 60 92 -126 -80 -120 -13 -51 -72 -22 -86 36 34 73 100 -59 -91 -10 -97 -48 3
118 4 43 112 -73 6 50 27 52 -32 -21 22 12 108 -52 -109 30 -24 87 40 -110 -28 12 11 -15 -123 114 -4 54 -25 -58 -47 120 -75 -120 -35 17 -65 -16 -103 92 -65 19 83 -111 124 -79 -51 44 -5 -6 -3 -5 -123 70 111 -54 29 -109 -14 50 -81 47 -124 26 -99 125 58 87 103 48 -112 -114 36 81 84 -75 112 -91 -84 -17 -104 -115 81 -5 -86 25 30 14 -94 97 113 76 107 69 -118 -79 90 -48 99 28
-15 68 -79 87 -8 -114 6 84 -45 -86 -66 83 16 -69 -64 92 -107 95 38 41 -17 112 104 93 -72 88 21 69 -13 20 -72 97 109 16 109 -124 -121 2 -42 65 -47 -37 -40 126 27 -121 106 93 42 -121 93 59 -61 -90 71 -80 -45 75 -100 -106 -50 51 -102 -94 23 11 -2 10 0 60 -71 63 -70 100 -109 -55 -48 65 -10 47 -10 17 94 -101 -65 -72 -124 -127 31 -107 88 19 53 -21 111 -57 73 67 94 -101 -7
33 -89 -119 -124 -118 -56 -68 46 18 10 120 -90 21 5 -50 -21 -76 25 5 -91 -62 72 -28 89 77 -91 50 -125 -41 -52 24 -22 -26 -101 73 -57 -98 -101 -103 -106 119 -44 83 9 -66 -14 18 -79 -4 -125 -29 13 -16 -81 -31 -50 -63 -88 -73 -25 -4 74 -103 47 22 19 35 -63 -117 -18 82 75 64 -124 -51 25 -55 -116 -39 -34 67 -59 -74 40 -45 -111 -103 9 126 106 30 64 120 33 101 9 16 23 43 -46 -50
-22 15 122 -113 -49 -24 110 -119 -6 -58 -90 -108 -29 13 104 -77 -71 -52 102 -107 99 35 -7 44 91 -1 29 6 42 -21 0 -7 122 -83 -80 -36 -19 26 -57 -29 -83 -79 31 -54 -25 -21 100 106 53 111 38 -28 14 -10 33 4 72 24 113 1 90 -34 -14 -79 80 57 -36 -12 28 -50 4 -46 -47 39 67 23 95 -56 -39 -24 89 -82 108 36 105 -70 108 -121 122 -107 -11 89 -72 -10 118 46 94 -7 -43 -11 27
97 -83 -26 94 -22 -15 -1 94 12 34 48 57 100 62 93 -9 -119 -75 -53 -53 -110 -10 -65 85 -104 126 -65 94 -29 -44 85 -79 -89 105 62 -113 108 -21 90 119 -102 -58 -38 -80 -91 -118 109 62 109 114 -2 -46 93 -85 52 -54 -98 -98 68 -52 -93 -10 90 -91 98 9 19 94 -39 87 -40 -57 -61 103 -111 -36 51 -100 6 -54 104 -56 -32 -16 120 41 -111 -78 -45 14 -76 102 -104 61 33 67 -48 -3 47 -115 -117
64 -10 -24 -51 85 19 31 -116 -86 -81 39 108 -8 68 -54 -100 112 125 -83 -7 -84 -105 -76 -42 15 25 93 30 92 110 -94 -110 21 -117 -2 116 123 -74 -96 -39 74 63 -21 -29 108 -107 -60 49 -32 122 -33 69 120 9 122 36 52 -121 71 108 95 69 -27 51 39 61 45 105 111 93 72 0 120 102 42 -87 -81 -52 -116 85 58 -37 -17 97 25 -66 -56 126 -36 -127 -37 -45 101 57 -28 104 46 13 -95 76 102
-120 -58 -109 19 -90 -127 -117 112 -5 -113 93 -85 69 9 -21 -42 121 106 21 -107 114 -13 -36 -17 -27 -16 92 -61 -55 6 -74 -68 67 -117 -35 95 83 12 -48 -123 -58 0 78 60 -75 -35 -16 -101 -106 -8 -53 85 29 -14 -124 -92 118 29 -15 101 22 -114 -79 110 51 -50 -37 4 25 111 48 -29 -26 88 -28 95 -9 30 -8 122 127 71 55 120 20 60 61 76 47 -57 58 -10 109 109 -67 -94 15 10 -64 12 -13
81 -43 40 -90 -46 -116 104 47 -124 -5 -86 56 -10 -91 57 63 57 111 85 102 -119 -127 -66 -99 -31 75 27 -94 123 -16 -25 -75 -35 -31 20 -25 -20 -24 16 -44 74 103 1 84 100 -107 -69 -39 -42 -14 -44 -121 -61 64 100 67 -92 68 -57 74 -90 -123 -23 4 64 -25 -117 29 104 79 115 -79 -78 28 -3 126 -75 57 -125 115 5 21 -4 -114 -99 43 122 -42 119 -125 -76 124 78 75 -56 -38 46 -16 -110 81 81
77 17 100 124 112 -64 -13 -48 123 120 112 -72 26 -88 -114 125 36 113 -98 -93 -42 20 -64 0 -57 32 5 -34 -9 -40 -97 110 -96 -50 96 -13 43 -115 4 99 -10 106 -119 106 55 -43 -83 -107 68 -96 56 -17 -127 -65 -80 9 -84 -15 37 9 -20 -82 55 82 56 -13 109 96 11 -51 21 93 119 -117 -56 23 21 37 -90 -47 -40 -64 -106 -86 57 48 -6 122 99 30 51 110 51 4 -35 -50 -64 -82 36 -106 64
14 34 -12 5 110 14 62 -43 95 -56 104 96 -17 -5 37 44 -122 -28 -85 12 110 118 82 -90 -12 105 -8 15 12 -11 -28 -16 -127 54 30 84 -113 -114 102 5 108 -14 -43 -110 -78 0 54 119 3 67 -74 118 14 -114 -6 14 -70 73 45 52 5 34 -90 -76 121 -12 -104 -44 -55 80 -104 -82 -36 30 -44 -43 110 18 55 -82 -114 4 118 -87 11 105 47 46 53 123 -115 115 -18 -61 53 24 113 -112 97 -96 -34